model:
  name: 'NAS'
  params:
    config: [[64, 64, 64], [128, 128, 256], [256, 256, 256, 512]]
dataset:
  normalize:
    mean: 178.83227827824444
    std:  50.05896544303765
train_params:
  batch_size: 64
  n_epochs: 200
  ckpt_every: 50
  init_lr: 0.002
  lr_decay: 0.1
  decay_epochs: [80,120,160]

